var(err)/var(mu) corr
0.05 -0.00157080664013
0.1 -0.0122264637761
0.15 -0.0137510888243
0.2 -0.0059253496007
0.25 -0.0290577300361
0.3 -0.0165028177801
0.35 -0.0274446211956
0.4 -0.0438534672176
0.45 -0.0538409229717
0.5 -0.0642761865674
0.55 -0.0660443793444
0.6 -0.0979442919395
0.65 -0.113569879963
0.7 -0.136014473302
0.75 -0.155169652691
0.8 -0.15428197865
0.85 -0.173211840688
0.9 -0.201056667172
0.95 -0.220869019706
1.0 -0.242163011993
1.05 -0.261856491167
1.1 -0.269807460353
1.15 -0.285809684416
1.2 -0.317192759076
1.25 -0.333499247618
1.3 -0.331052439281
1.35 -0.357212399177
1.4 -0.366443438383
1.45 -0.377695209654
1.5 -0.397430628896
1.55 -0.407011316628
1.6 -0.420465885041
1.65 -0.431458818904
1.7 -0.465100587768
1.75 -0.481826397223
1.8 -0.473049587885
1.85 -0.505743580281
1.9 -0.511813221823
1.95 -0.521125097384
2.0 -0.541666442102
2.05 -0.543256872911
2.1 -0.572190953788
2.15 -0.577335016019
2.2 -0.57568674254
2.25 -0.592336374923
2.3 -0.600059291657
2.35 -0.624766043859
2.4 -0.627536207517
2.45 -0.641936597141
2.5 -0.636056675523
2.55 -0.641427106883
2.6 -0.660055606926
2.65 -0.673844094279
2.7 -0.667001087621
2.75 -0.674314547028
2.8 -0.688679905686
2.85 -0.69707456992
2.9 -0.705527962917
2.95 -0.713925549343
3.0 -0.712406406515
3.05 -0.731097749169
3.1 -0.733343010135
3.15 -0.739282986858
3.2 -0.741939674985
3.25 -0.754673335226
3.3 -0.753929715847
3.35 -0.762880780404
3.4 -0.761834023582
3.45 -0.764201330077
3.5 -0.775154719089
3.55 -0.78034917968
3.6 -0.779003540897
3.65 -0.790412159286
3.7 -0.794513150365
3.75 -0.794451694515
3.8 -0.800016019094
3.85 -0.800777014043
3.9 -0.809608790823
3.95 -0.810282754116
4.0 -0.814148351434
4.05 -0.819450617822
4.1 -0.82331685511
4.15 -0.832178032561
4.2 -0.832238818308
4.25 -0.837338764302
4.3 -0.838754868843
4.35 -0.842796377246
4.4 -0.840746915652
4.45 -0.845398862192
4.5 -0.847823741944
4.55 -0.855085170593
4.6 -0.856105833625
4.65 -0.855538802891
4.7 -0.863358284732
4.75 -0.858693597264
4.8 -0.86151825746
4.85 -0.866925523901
4.9 -0.869341995976
4.95 -0.871064394551
